Country;Happiness.Rank;Happiness.Score;Whisker.high;Whisker.low;Economy..GDP.per.Capita.;Family;Health..Life.Expectancy.;Freedom;Generosity;Trust..Government.Corruption.;Dystopia.Residual
Lesotho;139;3.80800008773804;4.04434397548437;3.5716561999917;0.521021246910095;1.19009518623352;0;0.390661299228668;0.157497271895409;0.119094640016556;1.42983531951904
Angola;140;3.79500007629395;3.95164193540812;3.63835821717978;0.858428180217743;1.10441195964813;0.049868665635586;0;0.097926490008831;0.069720335304737;1.61448240280151
Afghanistan;141;3.79399991035461;3.87366141527891;3.71433840543032;0.401477217674255;0.581543326377869;0.180746778845787;0.106179520487785;0.311870932579041;0.061157830059528;2.15080118179321
Botswana;142;3.76600003242493;3.87412266626954;3.65787739858031;1.12209415435791;1.22155499458313;0.341755509376526;0.505196332931519;0.099348448216915;0.098583199083805;0.3779137134552
Benin;143;3.65700006484985;3.74578355133533;3.56821657836437;0.431085407733917;0.435299843549728;0.209930211305618;0.425962775945663;0.207948461174965;0.060929015278816;1.88563096523285
Madagascar;144;3.64400005340576;3.71431910589337;3.57368100091815;0.305808693170547;0.913020372390747;0.375223308801651;0.189196765422821;0.208732530474663;0.067231975495815;1.58461260795593
Haiti;145;3.6029999256134;3.73471479773521;3.47128505349159;0.368610262870789;0.640449821949005;0.277321130037308;0.03036985732615;0.489203780889511;0.099872149527073;1.69716763496399
Yemen;146;3.59299993515015;3.69275031983852;3.49324955046177;0.591683447360992;0.93538224697113;0.310080915689468;0.249463722109795;0.104125209152699;0.056767422705889;1.34560060501099
South Sudan;147;3.59100008010864;3.72553858578205;3.45646157443523;0.39724862575531;0.601323127746582;0.163486003875732;0.147062435746193;0.285670816898346;0.116793513298035;1.87956738471985
Liberia;148;3.53299999237061;3.65375626087189;3.41224372386932;0.119041793048382;0.872117936611176;0.229918196797371;0.332881182432175;0.26654988527298;0.038948249071837;1.67328596115112
Guinea;149;3.50699996948242;3.58442812889814;3.4295718100667;0.244549930095673;0.791244685649872;0.194129139184952;0.348587512969971;0.264815092086792;0.110937617719173;1.55231189727783
Togo;150;3.49499988555908;3.59403811171651;3.39596165940166;0.305444717407227;0.431882530450821;0.247105568647385;0.38042613863945;0.196896150708199;0.095665015280247;1.83722925186157
Rwanda;151;3.47099995613098;3.54303023353219;3.39896967872977;0.368745893239975;0.945707023143768;0.326424807310104;0.581843852996826;0.252756029367447;0.455220013856888;0.540061235427856
Syria;152;3.46199989318848;3.66366855680943;3.26033122956753;0.777153134346008;0.396102607250214;0.50053334236145;0.081539444625378;0.493663728237152;0.151347130537033;1.06157350540161
Tanzania;153;3.34899997711182;3.46142975538969;3.23657019883394;0.511135876178741;1.04198980331421;0.364509284496307;0.390017777681351;0.354256361722946;0.066035106778145;0.621130466461182
Germany;16;6.95100021362305;7.00538156926632;6.89661885797977;1.48792338371277;1.47252035140991;0.798950731754303;0.562511384487152;0.336269170045853;0.276731938123703;2.01576995849609
Belgium;17;6.89099979400635;6.95582075044513;6.82617883756757;1.46378076076508;1.46231269836426;0.818091869354248;0.539770722389221;0.231503337621689;0.251343131065369;2.12421035766602
Luxembourg;18;6.86299991607666;6.92368609987199;6.80231373228133;1.74194359779358;1.45758366584778;0.845089495182037;0.59662789106369;0.283180981874466;0.31883442401886;1.61951208114624
United Kingdom;19;6.71400022506714;6.78379176110029;6.64420868903399;1.44163393974304;1.49646008014679;0.805335938930511;0.508190035820007;0.492774158716202;0.265428066253662;1.70414352416992
Chile;20;6.65199995040894;6.73925056010485;6.56474934071302;1.25278460979462;1.28402495384216;0.819479703903198;0.376895278692245;0.326662421226501;0.082287982106209;2.50958585739136
United Arab Emirates;21;6.64799976348877;6.72204730376601;6.57395222321153;1.62634336948395;1.26641023159027;0.726798236370087;0.60834527015686;0.3609419465065;0.324489563703537;1.734703540802
Brazil;22;6.63500022888184;6.72546950161457;6.5445309561491;1.10735321044922;1.43130600452423;0.616552352905273;0.437453746795654;0.16234989464283;0.111092761158943;2.76926708221436
Czech Republic;23;6.60900020599365;6.68386246263981;6.5341379493475;1.35268235206604;1.43388521671295;0.754444003105164;0.490946173667908;0.088106758892536;0.036872927099466;2.45186185836792
Argentina;24;6.59899997711182;6.69008508607745;6.50791486814618;1.18529546260834;1.44045114517212;0.695137083530426;0.494519203901291;0.109457060694695;0.059739887714386;2.61400532722473
Mexico;25;6.57800006866455;6.67114890769124;6.48485122963786;1.15318381786346;1.210862159729;0.709978997707367;0.412730008363724;0.120990432798862;0.132774114608765;2.83715486526489
Singapore;26;6.57200002670288;6.63672306910157;6.50727698430419;1.69227766990662;1.35381436347961;0.949492394924164;0.549840569496155;0.345965981483459;0.46430778503418;1.21636199951172
Malta;27;6.52699995040894;6.59839677289128;6.45560312792659;1.34327983856201;1.48841166496277;0.821944236755371;0.588767051696777;0.574730575084686;0.153066068887711;1.55686283111572
Uruguay;28;6.4539999961853;6.54590621769428;6.36209377467632;1.21755969524384;1.41222786903381;0.719216823577881;0.57939225435257;0.175096929073334;0.178061872720718;2.17240953445435
Guatemala;29;6.4539999961853;6.56687397271395;6.34112601965666;0.872001945972443;1.25558519363403;0.540239989757538;0.531310617923737;0.283488392829895;0.077223278582096;2.89389109611511
Panama;30;6.4520001411438;6.55713071614504;6.34686956614256;1.23374843597412;1.37319254875183;0.706156134605408;0.550026834011078;0.21055693924427;0.070983923971653;2.30719995498657
France;31;6.44199991226196;6.51576780244708;6.36823202207685;1.43092346191406;1.38777685165405;0.844465851783752;0.470222115516663;0.129762306809425;0.172502428293228;2.00595474243164
Thailand;32;6.42399978637695;6.50911685571074;6.33888271704316;1.12786877155304;1.42579245567322;0.647239029407501;0.580200731754303;0.572123110294342;0.031612735241652;2.03950834274292
Taiwan Province of China;33;6.42199993133545;6.49459602192044;6.34940384075046;1.43362653255463;1.38456535339355;0.793984234333038;0.361466586589813;0.258360475301743;0.063829235732555;2.1266074180603
Spain;34;6.40299987792969;6.4710548453033;6.33494491055608;1.38439786434174;1.53209090232849;0.888960599899292;0.408781230449677;0.190133571624756;0.070914097130299;1.92775774002075
Qatar;35;6.375;6.56847681432962;6.18152318567038;1.87076568603516;1.27429687976837;0.710098087787628;0.604130983352661;0.330473870038986;0.439299255609512;1.1454644203186
Colombia;36;6.35699987411499;6.45202005416155;6.26197969406843;1.07062232494354;1.4021829366684;0.595027923583984;0.477487415075302;0.149014472961426;0.046668741852045;2.61606812477112
Saudi Arabia;37;6.3439998626709;6.44416661202908;6.24383311331272;1.53062355518341;1.28667759895325;0.590148329734802;0.449750572443008;0.147616013884544;0.27343225479126;2.0654296875
Trinidad and Tobago;38;6.16800022125244;6.38153389066458;5.95446655184031;1.36135590076447;1.3802285194397;0.519983291625977;0.518630743026733;0.325296461582184;0.008964816108346;2.05324745178223
Kuwait;39;6.10500001907349;6.1919569888711;6.01804304927588;1.63295245170593;1.25969874858856;0.632105708122253;0.496337592601776;0.228289797902107;0.215159550309181;1.64042520523071
Slovakia;40;6.09800004959106;6.1773484121263;6.01865168705583;1.32539355754852;1.50505924224854;0.712732911109924;0.295817464590073;0.136544480919838;0.024210851639509;2.09777665138245
Bahrain;41;6.08699989318848;6.17898906782269;5.99501071855426;1.48841226100922;1.32311046123505;0.653133034706116;0.536746919155121;0.172668486833572;0.257042169570923;1.65614938735962
Malaysia;42;6.08400011062622;6.17997963652015;5.98802058473229;1.29121541976929;1.28464603424072;0.618784427642822;0.402264982461929;0.416608929634094;0.065600708127022;2.00444889068604
Nicaragua;43;6.07100009918213;6.18658360034227;5.95541659802198;0.737299203872681;1.28721570968628;0.653095960617065;0.447551846504211;0.301674216985703;0.130687981843948;2.51393055915833
Ecuador;44;6.00799989700317;6.10584767535329;5.91015211865306;1.00082039833069;1.28616881370544;0.685636222362518;0.4551981985569;0.150112465023994;0.140134647488594;2.29035258293152
El Salvador;45;6.00299978256226;6.108635122329;5.89736444279552;0.909784495830536;1.18212509155273;0.596018552780151;0.432452529668808;0.078257985413075;0.089980959892273;2.7145938873291
Poland;46;5.97300004959106;6.05390834122896;5.89209175795317;1.29178786277771;1.44571197032928;0.699475347995758;0.520342111587524;0.158465966582298;0.059307806193829;1.79772281646729
Uzbekistan;47;5.97100019454956;6.06553757295012;5.876462816149;0.786441087722778;1.54896914958954;0.498272627592087;0.658248662948608;0.415983647108078;0.246528223156929;1.81691360473633
Italy;48;5.96400022506714;6.04273690596223;5.88526354417205;1.39506661891937;1.44492328166962;0.853144347667694;0.256450712680817;0.17278964817524;0.028028091415763;1.81331205368042
Russia;49;5.96299982070923;6.03027490749955;5.89572473391891;1.28177809715271;1.46928238868713;0.547349333763123;0.373783111572266;0.05226382240653;0.032962881028652;2.20560741424561